data/dem_e_shape/dem2.asc
NCOLS 675
NROWS 650
XLLCORNER 1669000.0
YLLCORNER 5070800.0
CELLSIZE 20.0
NODATA_VALUE -9999
[rows 510 to 543 of 650, columns 225 to 299 of 675]
929.0 924.0 916.0 907.0 897.0 886.0 875.0 865.0 854.0 845.0 835.0 824.0 814.0 805.0 795.0 785.0 776.0 766.0 757.0 749.0 741.0 734.0 728.0 722.0 717.0 711.0 706.0 700.0 695.0 690.0 685.0 679.0 674.0 669.0 663.0 658.0 651.0 644.0 637.0 628.0 620.0 612.0 605.0 598.0 591.0 591.0 587.0 582.0 575.0 575.0 579.0 581.0 582.0 583.0 583.0 583.0 583.0 584.0 585.0 587.0 590.0 594.0 599.0 605.0 613.0 622.0 632.0 641.0 651.0 660.0 669.0 677.0 684.0 689.0 693.0
937.0 931.0 923.0 914.0 904.0 893.0 882.0 871.0 861.0 850.0 840.0 830.0 820.0 810.0 800.0 790.0 780.0 770.0 760.0 750.0 741.0 733.0 726.0 719.0 714.0 709.0 704.0 699.0 694.0 688.0 683.0 678.0 673.0 667.0 662.0 656.0 650.0 643.0 635.0 627.0 619.0 611.0 603.0 598.0 591.0 595.0 593.0 589.0 581.0 573.0 575.0 576.0 577.0 578.0 578.0 579.0 579.0 581.0 582.0 584.0 586.0 589.0 594.0 600.0 607.0 616.0 626.0 636.0 646.0 655.0 664.0 672.0 678.0 682.0 685.0
944.0 938.0 930.0 920.0 910.0 900.0 889.0 878.0 867.0 856.0 846.0 836.0 826.0 816.0 806.0 795.0 784.0 773.0 762.0 751.0 741.0 732.0 724.0 717.0 711.0 706.0 701.0 697.0 692.0 687.0 681.0 676.0 670.0 664.0 659.0 653.0 646.0 640.0 633.0 626.0 618.0 611.0 603.0 606.0 605.0 605.0 603.0 597.0 587.0 573.0 573.0 572.0 573.0 574.0 574.0 574.0 575.0 577.0 579.0 580.0 582.0 585.0 589.0 594.0 601.0 610.0 620.0 630.0 640.0 650.0 658.0 666.0 671.0 674.0 677.0
949.0 943.0 936.0 927.0 917.0 907.0 896.0 885.0 873.0 862.0 852.0 842.0 832.0 822.0 811.0 800.0 788.0 776.0 764.0 753.0 742.0 732.0 723.0 715.0 709.0 703.0 699.0 694.0 689.0 684.0 678.0 673.0 667.0 660.0 654.0 648.0 642.0 635.0 630.0 624.0 617.0 613.0 615.0 618.0 618.0 617.0 614.0 607.0 599.0 588.0 581.0 572.0 570.0 570.0 570.0 569.0 572.0 574.0 575.0 577.0 579.0 581.0 585.0 589.0 595.0 604.0 613.0 624.0 634.0 644.0 652.0 658.0 662.0 665.0 668.0
954.0 948.0 941.0 932.0 923.0 913.0 902.0 890.0 879.0 868.0 858.0 848.0 837.0 827.0 816.0 804.0 791.0 779.0 766.0 754.0 742.0 731.0 722.0 713.0 706.0 700.0 695.0 691.0 686.0 680.0 674.0 668.0 661.0 654.0 649.0 644.0 637.0 629.0 626.0 622.0 617.0 623.0 628.0 630.0 631.0 630.0 626.0 619.0 610.0 601.0 592.0 584.0 580.0 576.0 573.0 569.0 568.0 570.0 572.0 574.0 576.0 578.0 581.0 585.0 590.0 598.0 607.0 617.0 627.0 636.0 643.0 649.0 652.0 655.0 658.0
957.0 951.0 945.0 937.0 927.0 917.0 906.0 895.0 884.0 873.0 863.0 852.0 842.0 831.0 819.0 806.0 793.0 780.0 767.0 755.0 743.0 731.0 721.0 712.0 704.0 697.0 692.0 687.0 682.0 676.0 669.0 662.0 655.0 646.0 642.0 640.0 633.0 629.0 632.0 632.0 632.0 636.0 639.0 642.0 643.0 641.0 637.0 630.0 621.0 612.0 602.0 594.0 588.0 583.0 578.0 573.0 568.0 567.0 569.0 571.0 574.0 575.0 578.0 581.0 585.0 592.0 600.0 609.0 618.0 627.0 633.0 637.0 641.0 644.0 648.0
959.0 953.0 947.0 938.0 929.0 919.0 909.0 899.0 888.0 877.0 866.0 856.0 844.0 833.0 820.0 807.0 794.0 781.0 768.0 755.0 742.0 731.0 721.0 711.0 702.0 695.0 688.0 683.0 677.0 670.0 663.0 655.0 650.0 646.0 645.0 643.0 640.0 639.0 640.0 642.0 644.0 647.0 650.0 652.0 653.0 652.0 647.0 640.0 632.0 622.0 612.0 603.0 596.0 589.0 583.0 578.0 572.0 567.0 566.0 569.0 571.0 573.0 575.0 577.0 581.0 586.0 593.0 600.0 608.0 615.0 621.0 625.0 629.0 633.0 638.0
960.0 954.0 946.0 938.0 929.0 919.0 910.0 900.0 890.0 879.0 868.0 857.0 845.0 833.0 820.0 806.0 793.0 780.0 767.0 754.0 742.0 730.0 720.0 710.0 701.0 692.0 685.0 679.0 672.0 664.0 659.0 655.0 653.0 651.0 649.0 648.0 647.0 647.0 648.0 651.0 653.0 657.0 660.0 662.0 662.0 660.0 656.0 649.0 640.0 630.0 620.0 611.0 603.0 595.0 589.0 582.0 576.0 570.0 565.0 567.0 569.0 571.0 572.0 574.0 577.0 580.0 585.0 591.0 598.0 604.0 609.0 613.0 617.0 622.0 628.0
959.0 952.0 944.0 935.0 926.0 917.0 908.0 899.0 890.0 879.0 867.0 856.0 843.0 831.0 817.0 804.0 790.0 777.0 764.0 752.0 740.0 729.0 718.0 708.0 699.0 690.0 682.0 674.0 670.0 664.0 663.0 660.0 658.0 656.0 654.0 653.0 653.0 654.0 656.0 659.0 662.0 666.0 669.0 670.0 670.0 668.0 663.0 656.0 647.0 637.0 627.0 618.0 609.0 601.0 594.0 587.0 580.0 573.0 564.0 564.0 567.0 568.0 570.0 571.0 573.0 575.0 579.0 583.0 588.0 593.0 597.0 602.0 606.0 611.0 618.0
957.0 949.0 940.0 931.0 921.0 913.0 904.0 896.0 887.0 876.0 865.0 852.0 840.0 827.0 813.0 800.0 787.0 774.0 761.0 749.0 737.0 726.0 716.0 706.0 696.0 687.0 679.0 674.0 673.0 670.0 667.0 665.0 663.0 661.0 659.0 659.0 660.0 661.0 664.0 667.0 671.0 674.0 677.0 678.0 678.0 675.0 669.0 662.0 653.0 644.0 634.0 624.0 614.0 606.0 598.0 591.0 584.0 577.0 569.0 564.0 565.0 566.0 567.0 568.0 569.0 571.0 573.0 576.0 580.0 584.0 588.0 592.0 596.0 602.0 607.0
953.0 944.0 935.0 925.0 915.0 906.0 898.0 890.0 881.0 871.0 860.0 847.0 835.0 821.0 808.0 795.0 782.0 769.0 757.0 745.0 734.0 724.0 714.0 703.0 693.0 682.0 682.0 680.0 678.0 675.0 673.0 671.0 669.0 667.0 666.0 666.0 667.0 669.0 672.0 676.0 679.0 682.0 685.0 685.0 684.0 681.0 676.0 668.0 659.0 650.0 640.0 630.0 620.0 611.0 603.0 595.0 588.0 580.0 572.0 564.0 563.0 564.0 564.0 565.0 566.0 567.0 569.0 571.0 574.0 577.0 580.0 584.0 588.0 592.0 597.0
948.0 938.0 928.0 917.0 907.0 898.0 889.0 881.0 872.0 863.0 852.0 841.0 828.0 815.0 802.0 789.0 777.0 765.0 753.0 742.0 731.0 721.0 711.0 701.0 689.0 689.0 687.0 685.0 683.0 682.0 680.0 678.0 676.0 674.0 673.0 673.0 675.0 677.0 680.0 684.0 688.0 690.0 692.0 692.0 691.0 688.0 682.0 675.0 666.0 656.0 646.0 635.0 625.0 615.0 607.0 599.0 591.0 584.0 575.0 562.0 561.0 560.0 562.0 562.0 563.0 564.0 565.0 567.0 569.0 572.0 575.0 577.0 580.0 584.0 588.0
940.0 930.0 919.0 908.0 898.0 888.0 879.0 870.0 862.0 853.0 843.0 832.0 820.0 808.0 795.0 783.0 771.0 760.0 748.0 738.0 728.0 719.0 710.0 702.0 696.0 694.0 692.0 691.0 690.0 689.0 688.0 686.0 684.0 683.0 682.0 682.0 683.0 686.0 689.0 693.0 696.0 699.0 700.0 700.0 698.0 695.0 689.0 681.0 672.0 662.0 652.0 641.0 630.0 620.0 611.0 603.0 596.0 588.0 580.0 572.0 567.0 560.0 560.0 559.0 561.0 562.0 562.0 564.0 566.0 568.0 570.0 572.0 574.0 577.0 580.0
931.0 921.0 910.0 899.0 888.0 877.0 868.0 859.0 850.0 842.0 832.0 822.0 811.0 799.0 788.0 777.0 766.0 755.0 745.0 735.0 726.0 717.0 709.0 702.0 701.0 699.0 698.0 697.0 697.0 697.0 696.0 695.0 693.0 692.0 691.0 692.0 693.0 695.0 699.0 702.0 705.0 707.0 708.0 707.0 705.0 701.0 695.0 688.0 678.0 668.0 657.0 646.0 635.0 625.0 616.0 608.0 600.0 593.0 586.0 579.0 573.0 568.0 567.0 559.0 559.0 560.0 560.0 561.0 563.0 565.0 567.0 568.0 570.0 572.0 574.0
921.0 910.0 900.0 889.0 878.0 867.0 857.0 847.0 838.0 830.0 821.0 811.0 801.0 791.0 781.0 770.0 760.0 750.0 741.0 732.0 724.0 715.0 708.0 708.0 707.0 705.0 705.0 704.0 704.0 704.0 704.0 703.0 702.0 701.0 701.0 701.0 703.0 706.0 709.0 712.0 715.0 716.0 716.0 715.0 712.0 707.0 701.0 693.0 683.0 672.0 661.0 651.0 640.0 630.0 621.0 612.0 605.0 598.0 591.0 584.0 576.0 570.0 570.0 565.0 559.0 558.0 557.0 559.0 561.0 562.0 564.0 565.0 566.0 568.0 569.0
910.0 900.0 889.0 878.0 867.0 856.0 846.0 836.0 827.0 818.0 810.0 801.0 792.0 783.0 773.0 764.0 755.0 747.0 738.0 731.0 723.0 714.0 714.0 713.0 713.0 712.0 712.0 712.0 712.0 712.0 712.0 712.0 711.0 711.0 711.0 711.0 713.0 716.0 719.0 722.0 724.0 725.0 724.0 722.0 718.0 713.0 706.0 698.0 688.0 677.0 665.0 655.0 644.0 634.0 625.0 617.0 609.0 602.0 595.0 587.0 579.0 579.0 575.0 570.0 566.0 562.0 557.0 558.0 559.0 560.0 561.0 562.0 563.0 564.0 565.0
900.0 889.0 878.0 867.0 856.0 845.0 835.0 825.0 816.0 808.0 800.0 792.0 784.0 775.0 767.0 759.0 752.0 744.0 737.0 730.0 724.0 718.0 718.0 719.0 719.0 720.0 720.0 720.0 721.0 721.0 721.0 720.0 720.0 720.0 721.0 721.0 723.0 726.0 729.0 731.0 732.0 732.0 731.0 728.0 724.0 718.0 711.0 702.0 691.0 680.0 668.0 658.0 648.0 639.0 630.0 621.0 613.0 606.0 598.0 592.0 587.0 584.0 580.0 576.0 572.0 568.0 563.0 558.0 558.0 558.0 559.0 560.0 561.0 561.0 562.0
891.0 879.0 867.0 855.0 844.0 833.0 824.0 814.0 806.0 799.0 791.0 783.0 776.0 769.0 762.0 755.0 748.0 742.0 735.0 729.0 725.0 718.0 723.0 725.0 726.0 728.0 729.0 729.0 730.0 730.0 730.0 730.0 730.0 730.0 730.0 731.0 733.0 735.0 738.0 739.0 740.0 739.0 737.0 733.0 728.0 722.0 714.0 704.0 693.0 682.0 671.0 660.0 651.0 642.0 633.0 625.0 616.0 608.0 600.0 594.0 594.0 590.0 587.0 583.0 579.0 575.0 570.0 565.0 558.0 556.0 557.0 558.0 558.0 559.0 560.0
883.0 871.0 857.0 844.0 834.0 819.0 814.0 802.0 797.0 792.0 782.0 775.0 770.0 764.0 756.0 750.0 746.0 740.0 734.0 729.0 730.0 729.0 731.0 733.0 734.0 736.0 737.0 738.0 739.0 739.0 739.0 739.0 739.0 740.0 740.0 741.0 742.0 744.0 746.0 747.0 747.0 745.0 742.0 738.0 732.0 724.0 716.0 706.0 695.0 683.0 672.0 662.0 653.0 645.0 636.0 627.0 618.0 609.0 601.0 601.0 599.0 596.0 594.0 591.0 587.0 583.0 579.0 573.0 565.0 556.0 556.0 556.0 556.0 557.0 558.0
878.0 864.0 849.0 829.0 829.0 819.0 817.0 810.0 804.0 796.0 786.0 775.0 767.0 760.0 751.0 741.0 746.0 738.0 734.0 737.0 738.0 738.0 739.0 741.0 743.0 744.0 746.0 747.0 748.0 748.0 749.0 749.0 749.0 749.0 749.0 750.0 751.0 752.0 753.0 754.0 753.0 751.0 747.0 741.0 735.0 726.0 717.0 707.0 695.0 684.0 673.0 664.0 655.0 647.0 638.0 629.0 619.0 607.0 607.0 606.0 605.0 603.0 601.0 598.0 596.0 592.0 587.0 581.0 574.0 566.0 561.0 558.0 556.0 556.0 556.0
873.0 861.0 846.0 839.0 835.0 829.0 824.0 818.0 810.0 801.0 790.0 780.0 771.0 763.0 757.0 753.0 746.0 747.0 746.0 746.0 746.0 747.0 748.0 750.0 751.0 753.0 755.0 756.0 757.0 757.0 757.0 757.0 758.0 758.0 759.0 759.0 760.0 760.0 761.0 760.0 759.0 755.0 751.0 744.0 736.0 728.0 718.0 707.0 696.0 685.0 675.0 666.0 657.0 649.0 640.0 631.0 620.0 612.0 612.0 612.0 611.0 610.0 608.0 606.0 603.0 600.0 594.0 588.0 580.0 572.0 564.0 558.0 556.0 556.0 556.0
867.0 859.0 852.0 848.0 844.0 838.0 831.0 823.0 814.0 803.0 793.0 782.0 773.0 766.0 760.0 753.0 756.0 757.0 756.0 756.0 755.0 755.0 757.0 758.0 760.0 762.0 763.0 765.0 766.0 766.0 766.0 766.0 766.0 767.0 767.0 768.0 768.0 768.0 768.0 766.0 764.0 759.0 754.0 746.0 738.0 728.0 718.0 707.0 696.0 686.0 676.0 667.0 659.0 651.0 642.0 632.0 618.0 618.0 619.0 619.0 618.0 616.0 615.0 613.0 610.0 605.0 600.0 593.0 584.0 575.0 565.0 565.0 564.0 562.0 556.0
867.0 867.0 863.0 858.0 853.0 845.0 835.0 824.0 814.0 803.0 793.0 782.0 774.0 767.0 760.0 764.0 767.0 767.0 766.0 765.0 764.0 764.0 765.0 767.0 769.0 770.0 772.0 773.0 774.0 774.0 773.0 773.0 774.0 774.0 775.0 775.0 776.0 775.0 774.0 772.0 768.0 763.0 756.0 748.0 739.0 729.0 718.0 708.0 697.0 687.0 678.0 670.0 662.0 654.0 646.0 637.0 623.0 626.0 627.0 626.0 624.0 622.0 620.0 618.0 615.0 610.0 603.0 595.0 586.0 578.0 572.0 573.0 574.0 573.0 569.0
884.0 879.0 874.0 868.0 859.0 849.0 835.0 820.0 809.0 799.0 791.0 781.0 774.0 777.0 776.0 777.0 778.0 778.0 777.0 775.0 774.0 773.0 774.0 775.0 777.0 779.0 780.0 781.0 781.0 781.0 780.0 780.0 781.0 782.0 782.0 783.0 782.0 782.0 780.0 778.0 773.0 766.0 758.0 749.0 739.0 729.0 719.0 709.0 698.0 689.0 680.0 673.0 666.0 659.0 652.0 645.0 638.0 636.0 635.0 633.0 630.0 628.0 625.0 622.0 618.0 612.0 604.0 595.0 585.0 577.0 577.0 582.0 585.0 585.0 583.0
898.0 891.0 884.0 875.0 863.0 849.0 829.0 805.0 802.0 793.0 789.0 781.0 787.0 790.0 790.0 790.0 790.0 789.0 787.0 785.0 783.0 782.0 782.0 783.0 785.0 786.0 787.0 788.0 788.0 788.0 787.0 788.0 788.0 789.0 789.0 789.0 789.0 788.0 786.0 783.0 777.0 769.0 760.0 750.0 740.0 730.0 720.0 710.0 700.0 691.0 684.0 676.0 670.0 664.0 659.0 653.0 648.0 645.0 642.0 639.0 636.0 633.0 629.0 626.0 620.0 613.0 604.0 593.0 582.0 582.0 587.0 593.0 596.0 597.0 596.0
911.0 902.0 892.0 880.0 865.0 846.0 824.0 807.0 807.0 804.0 802.0 800.0 802.0 804.0 804.0 803.0 801.0 800.0 797.0 795.0 793.0 791.0 791.0 791.0 793.0 794.0 795.0 795.0 795.0 795.0 795.0 795.0 796.0 796.0 796.0 795.0 795.0 794.0 792.0 788.0 781.0 772.0 762.0 751.0 741.0 731.0 721.0 712.0 703.0 695.0 688.0 681.0 675.0 670.0 665.0 660.0 655.0 651.0 648.0 644.0 640.0 637.0 633.0 628.0 622.0 614.0 603.0 590.0 590.0 593.0 598.0 603.0 607.0 610.0 610.0
923.0 912.0 899.0 884.0 866.0 843.0 812.0 812.0 815.0 815.0 815.0 816.0 817.0 818.0 817.0 816.0 813.0 811.0 808.0 805.0 802.0 801.0 800.0 800.0 801.0 802.0 803.0 803.0 803.0 803.0 803.0 803.0 803.0 803.0 803.0 802.0 801.0 799.0 797.0 792.0 785.0 776.0 765.0 753.0 743.0 733.0 723.0 715.0 706.0 699.0 692.0 686.0 680.0 675.0 670.0 665.0 661.0 657.0 652.0 648.0 644.0 640.0 635.0 630.0 623.0 614.0 604.0 597.0 598.0 602.0 607.0 612.0 617.0 621.0 622.0
934.0 920.0 905.0 888.0 869.0 847.0 823.0 823.0 825.0 827.0 828.0 830.0 831.0 832.0 831.0 829.0 825.0 822.0 819.0 815.0 812.0 810.0 809.0 809.0 810.0 811.0 812.0 812.0 813.0 812.0 812.0 812.0 812.0 811.0 810.0 809.0 807.0 805.0 802.0 797.0 789.0 779.0 767.0 756.0 745.0 735.0 726.0 718.0 710.0 703.0 697.0 690.0 685.0 680.0 675.0 670.0 665.0 660.0 656.0 651.0 647.0 642.0 637.0 631.0 623.0 613.0 601.0 601.0 605.0 609.0 614.0 620.0 625.0 630.0 633.0
943.0 927.0 910.0 892.0 872.0 851.0 828.0 833.0 836.0 839.0 841.0 843.0 845.0 846.0 845.0 842.0 838.0 834.0 830.0 826.0 823.0 821.0 820.0 820.0 820.0 822.0 823.0 823.0 823.0 823.0 822.0 822.0 821.0 820.0 819.0 817.0 814.0 811.0 807.0 801.0 792.0 782.0 771.0 760.0 749.0 739.0 730.0 722.0 715.0 708.0 701.0 694.0 689.0 684.0 679.0 674.0 669.0 664.0 659.0 654.0 649.0 644.0 638.0 631.0 623.0 613.0 605.0 608.0 612.0 617.0 621.0 627.0 632.0 637.0 640.0
952.0 935.0 916.0 897.0 878.0 858.0 840.0 844.0 848.0 851.0 854.0 858.0 860.0 860.0 859.0 856.0 852.0 847.0 843.0 839.0 835.0 833.0 831.0 831.0 832.0 833.0 834.0 835.0 835.0 835.0 834.0 832.0 831.0 829.0 827.0 825.0 822.0 817.0 812.0 805.0 797.0 787.0 776.0 765.0 754.0 744.0 735.0 727.0 719.0 712.0 705.0 699.0 693.0 687.0 682.0 677.0 672.0 667.0 661.0 656.0 651.0 645.0 638.0 630.0 621.0 610.0 610.0 615.0 619.0 623.0 628.0 632.0 637.0 641.0 645.0
961.0 941.0 922.0 902.0 883.0 864.0 847.0 854.0 859.0 864.0 868.0 872.0 875.0 875.0 874.0 871.0 866.0 861.0 856.0 851.0 848.0 845.0 843.0 843.0 844.0 845.0 847.0 848.0 848.0 847.0 846.0 844.0 842.0 839.0 837.0 833.0 829.0 824.0 818.0 811.0 802.0 792.0 782.0 771.0 761.0 750.0 741.0 732.0 724.0 716.0 709.0 703.0 696.0 691.0 685.0 680.0 675.0 670.0 664.0 658.0 653.0 646.0 638.0 630.0 620.0 610.0 617.0 621.0 626.0 630.0 633.0 637.0 640.0 644.0 646.0
969.0 948.0 928.0 908.0 887.0 868.0 856.0 864.0 872.0 877.0 882.0 886.0 889.0 890.0 889.0 885.0 880.0 874.0 869.0 864.0 860.0 858.0 856.0 855.0 856.0 858.0 859.0 861.0 861.0 860.0 858.0 856.0 853.0 849.0 846.0 841.0 836.0 831.0 824.0 816.0 808.0 798.0 789.0 778.0 768.0 757.0 747.0 737.0 729.0 721.0 714.0 707.0 700.0 694.0 689.0 683.0 678.0 673.0 667.0 661.0 655.0 648.0 639.0 630.0 625.0 623.0 626.0 629.0 633.0 636.0 638.0 641.0 643.0 645.0 646.0
976.0 955.0 934.0 913.0 891.0 865.0 865.0 876.0 884.0 890.0 895.0 900.0 903.0 904.0 903.0 899.0 894.0 888.0 882.0 877.0 873.0 870.0 868.0 867.0 868.0 870.0 872.0 873.0 873.0 873.0 871.0 868.0 864.0 859.0 854.0 849.0 844.0 837.0 830.0 822.0 814.0 805.0 795.0 785.0 775.0 764.0 753.0 743.0 734.0 726.0 718.0 711.0 705.0 698.0 692.0 687.0 681.0 676.0 670.0 664.0 658.0 650.0 640.0 630.0 632.0 633.0 636.0 638.0 640.0 642.0 643.0 644.0 645.0 646.0 646.0
982.0 961.0 940.0 919.0 897.0 874.0 880.0 889.0 896.0 902.0 908.0 913.0 916.0 918.0 916.0 913.0 907.0 900.0 894.0 889.0 885.0 881.0 880.0 879.0 880.0 881.0 883.0 885.0 885.0 884.0 882.0 879.0 874.0 869.0 863.0 857.0 851.0 844.0 836.0 828.0 819.0 811.0 801.0 792.0 782.0 771.0 760.0 750.0 740.0 731.0 723.0 716.0 709.0 703.0 696.0 691.0 685.0 679.0 674.0 668.0 662.0 655.0 648.0 643.0 642.0 643.0 645.0 647.0 648.0 648.0 648.0 648.0 647.0 646.0 645.0
