data/dem_e_shape/dem2.asc
NCOLS 675
NROWS 650
XLLCORNER 1669000.0
YLLCORNER 5070800.0
CELLSIZE 20.0
NODATA_VALUE -9999
[rows 544 to 577 of 650, columns 300 to 374 of 675]
642.0 638.0 634.0 629.0 624.0 617.0 610.0 602.0 593.0 584.0 574.0 563.0 562.0 567.0 570.0 572.0 576.0 580.0 583.0 586.0 588.0 587.0 583.0 574.0 562.0 570.0 576.0 582.0 585.0 588.0 589.0 590.0 590.0 591.0 592.0 596.0 601.0 607.0 610.0 611.0 608.0 603.0 596.0 588.0 579.0 571.0 562.0 570.0 572.0 574.0 578.0 583.0 589.0 594.0 599.0 603.0 606.0 607.0 608.0 610.0 612.0 613.0 612.0 609.0 604.0 598.0 600.0 602.0 604.0 608.0 612.0 618.0 626.0 635.0 645.0
640.0 636.0 630.0 624.0 617.0 609.0 601.0 593.0 584.0 574.0 564.0 564.0 570.0 575.0 580.0 584.0 587.0 591.0 594.0 596.0 596.0 594.0 588.0 578.0 565.0 571.0 578.0 583.0 588.0 591.0 593.0 594.0 596.0 597.0 600.0 604.0 609.0 614.0 617.0 617.0 614.0 608.0 601.0 593.0 584.0 575.0 566.0 570.0 574.0 577.0 580.0 585.0 591.0 597.0 604.0 609.0 612.0 614.0 615.0 616.0 617.0 617.0 616.0 613.0 608.0 604.0 605.0 606.0 608.0 611.0 615.0 621.0 629.0 638.0 648.0
639.0 633.0 626.0 619.0 611.0 603.0 594.0 585.0 575.0 566.0 566.0 572.0 578.0 584.0 589.0 594.0 598.0 601.0 604.0 605.0 604.0 601.0 594.0 582.0 567.0 572.0 578.0 584.0 589.0 593.0 596.0 598.0 601.0 604.0 607.0 612.0 617.0 621.0 623.0 622.0 618.0 611.0 603.0 595.0 587.0 579.0 570.0 573.0 574.0 578.0 581.0 586.0 593.0 600.0 607.0 613.0 617.0 620.0 620.0 620.0 621.0 620.0 619.0 616.0 612.0 609.0 609.0 610.0 612.0 615.0 619.0 624.0 632.0 640.0 650.0
637.0 630.0 623.0 615.0 607.0 598.0 589.0 579.0 568.0 568.0 574.0 580.0 587.0 592.0 598.0 603.0 608.0 611.0 613.0 614.0 612.0 608.0 600.0 588.0 568.0 570.0 577.0 584.0 590.0 595.0 599.0 602.0 606.0 610.0 614.0 619.0 624.0 627.0 627.0 625.0 620.0 613.0 605.0 597.0 589.0 582.0 574.0 577.0 579.0 581.0 581.0 586.0 594.0 602.0 610.0 616.0 621.0 624.0 625.0 625.0 624.0 624.0 622.0 619.0 615.0 612.0 612.0 614.0 616.0 619.0 622.0 628.0 634.0 643.0 653.0
634.0 628.0 620.0 612.0 603.0 594.0 585.0 577.0 570.0 575.0 581.0 588.0 595.0 601.0 606.0 611.0 616.0 619.0 621.0 622.0 620.0 616.0 608.0 598.0 585.0 576.0 576.0 583.0 590.0 597.0 601.0 605.0 609.0 614.0 619.0 624.0 628.0 631.0 630.0 627.0 621.0 613.0 605.0 598.0 592.0 585.0 579.0 580.0 583.0 584.0 584.0 584.0 595.0 604.0 613.0 620.0 625.0 628.0 629.0 628.0 628.0 627.0 625.0 622.0 618.0 614.0 615.0 617.0 619.0 622.0 626.0 631.0 638.0 646.0 655.0
632.0 625.0 618.0 610.0 601.0 592.0 583.0 573.0 573.0 580.0 588.0 595.0 602.0 608.0 614.0 619.0 624.0 627.0 629.0 630.0 628.0 624.0 617.0 608.0 597.0 588.0 579.0 579.0 590.0 598.0 603.0 608.0 612.0 617.0 623.0 627.0 631.0 633.0 632.0 628.0 622.0 614.0 607.0 601.0 595.0 590.0 583.0 583.0 587.0 589.0 589.0 587.0 598.0 607.0 615.0 622.0 628.0 631.0 632.0 632.0 632.0 631.0 629.0 626.0 622.0 618.0 618.0 620.0 623.0 626.0 630.0 635.0 641.0 649.0 658.0
630.0 623.0 616.0 608.0 600.0 591.0 583.0 575.0 579.0 586.0 593.0 601.0 609.0 616.0 622.0 627.0 632.0 636.0 638.0 638.0 636.0 632.0 625.0 616.0 606.0 597.0 588.0 582.0 592.0 600.0 605.0 610.0 614.0 619.0 624.0 629.0 632.0 634.0 633.0 629.0 623.0 616.0 610.0 605.0 601.0 596.0 591.0 588.0 592.0 595.0 596.0 596.0 602.0 610.0 618.0 625.0 630.0 633.0 635.0 636.0 636.0 635.0 633.0 629.0 626.0 623.0 621.0 624.0 627.0 630.0 633.0 638.0 644.0 652.0 661.0
629.0 622.0 614.0 607.0 599.0 591.0 583.0 577.0 584.0 590.0 598.0 606.0 614.0 622.0 629.0 636.0 641.0 646.0 648.0 648.0 646.0 640.0 633.0 624.0 614.0 604.0 594.0 586.0 594.0 601.0 606.0 611.0 616.0 620.0 625.0 630.0 633.0 635.0 634.0 630.0 625.0 619.0 614.0 611.0 607.0 603.0 598.0 592.0 597.0 600.0 603.0 605.0 605.0 613.0 620.0 626.0 632.0 635.0 638.0 639.0 640.0 639.0 636.0 633.0 630.0 627.0 627.0 629.0 631.0 634.0 637.0 642.0 648.0 656.0 665.0
628.0 621.0 614.0 606.0 599.0 591.0 581.0 581.0 588.0 594.0 602.0 610.0 619.0 628.0 637.0 644.0 651.0 656.0 658.0 658.0 655.0 649.0 640.0 630.0 620.0 609.0 599.0 590.0 596.0 602.0 607.0 612.0 616.0 621.0 626.0 630.0 634.0 636.0 635.0 633.0 628.0 624.0 620.0 617.0 614.0 610.0 605.0 598.0 602.0 606.0 609.0 611.0 613.0 618.0 623.0 628.0 633.0 637.0 640.0 642.0 643.0 642.0 640.0 637.0 633.0 630.0 631.0 633.0 635.0 638.0 641.0 646.0 652.0 659.0 668.0
627.0 620.0 614.0 606.0 599.0 592.0 585.0 588.0 592.0 598.0 605.0 614.0 623.0 633.0 643.0 652.0 659.0 665.0 668.0 668.0 664.0 657.0 647.0 636.0 625.0 614.0 604.0 594.0 597.0 602.0 608.0 611.0 616.0 621.0 625.0 630.0 634.0 637.0 637.0 636.0 632.0 629.0 626.0 624.0 621.0 617.0 612.0 605.0 605.0 610.0 615.0 618.0 622.0 622.0 626.0 630.0 635.0 639.0 642.0 645.0 646.0 646.0 644.0 641.0 637.0 633.0 635.0 637.0 639.0 642.0 645.0 650.0 656.0 663.0 672.0
626.0 620.0 613.0 606.0 599.0 593.0 589.0 592.0 596.0 602.0 609.0 617.0 627.0 637.0 648.0 657.0 666.0 673.0 676.0 676.0 672.0 664.0 654.0 642.0 630.0 618.0 607.0 596.0 596.0 601.0 608.0 610.0 615.0 620.0 624.0 629.0 634.0 637.0 639.0 638.0 636.0 634.0 632.0 630.0 629.0 625.0 621.0 615.0 611.0 616.0 620.0 624.0 626.0 628.0 628.0 633.0 637.0 641.0 645.0 648.0 650.0 650.0 648.0 645.0 641.0 636.0 639.0 641.0 644.0 646.0 650.0 655.0 660.0 667.0 675.0
625.0 619.0 612.0 605.0 598.0 592.0 592.0 595.0 599.0 604.0 611.0 619.0 629.0 639.0 650.0 660.0 670.0 677.0 682.0 683.0 679.0 671.0 660.0 647.0 634.0 622.0 611.0 602.0 597.0 603.0 609.0 610.0 614.0 618.0 623.0 628.0 633.0 637.0 639.0 640.0 639.0 638.0 638.0 637.0 636.0 633.0 629.0 623.0 617.0 621.0 625.0 629.0 631.0 633.0 633.0 637.0 640.0 644.0 647.0 651.0 654.0 654.0 653.0 650.0 645.0 640.0 643.0 646.0 648.0 651.0 655.0 659.0 665.0 672.0 679.0
624.0 617.0 609.0 602.0 595.0 595.0 596.0 599.0 602.0 607.0 613.0 620.0 629.0 639.0 650.0 660.0 670.0 679.0 685.0 687.0 684.0 676.0 665.0 652.0 639.0 626.0 614.0 604.0 600.0 607.0 612.0 616.0 618.0 621.0 621.0 627.0 632.0 636.0 639.0 641.0 642.0 642.0 643.0 644.0 643.0 641.0 637.0 632.0 623.0 623.0 630.0 635.0 637.0 638.0 638.0 641.0 644.0 647.0 651.0 655.0 658.0 659.0 658.0 655.0 651.0 643.0 648.0 651.0 653.0 656.0 660.0 664.0 670.0 676.0 684.0
623.0 615.0 606.0 598.0 598.0 599.0 600.0 602.0 605.0 609.0 614.0 621.0 629.0 638.0 648.0 659.0 669.0 679.0 686.0 689.0 687.0 680.0 669.0 657.0 643.0 629.0 615.0 601.0 601.0 610.0 617.0 621.0 623.0 624.0 624.0 628.0 632.0 636.0 639.0 642.0 644.0 646.0 648.0 649.0 650.0 649.0 646.0 641.0 635.0 630.0 637.0 641.0 643.0 644.0 643.0 646.0 649.0 652.0 655.0 659.0 662.0 665.0 664.0 662.0 657.0 653.0 654.0 656.0 659.0 661.0 664.0 669.0 674.0 681.0 688.0
622.0 613.0 601.0 601.0 602.0 602.0 603.0 605.0 608.0 611.0 616.0 622.0 629.0 637.0 646.0 656.0 667.0 677.0 684.0 688.0 687.0 681.0 671.0 659.0 646.0 632.0 617.0 603.0 607.0 614.0 621.0 625.0 627.0 628.0 627.0 628.0 632.0 636.0 639.0 642.0 645.0 648.0 651.0 654.0 656.0 656.0 654.0 651.0 645.0 636.0 645.0 649.0 650.0 650.0 648.0 650.0 654.0 657.0 660.0 664.0 668.0 670.0 670.0 668.0 664.0 660.0 660.0 662.0 665.0 666.0 669.0 673.0 678.0 685.0 692.0
620.0 611.0 604.0 605.0 606.0 607.0 608.0 610.0 612.0 615.0 619.0 624.0 629.0 636.0 644.0 654.0 664.0 673.0 681.0 684.0 684.0 679.0 670.0 659.0 646.0 633.0 618.0 604.0 611.0 618.0 624.0 629.0 632.0 632.0 631.0 631.0 634.0 637.0 640.0 643.0 646.0 650.0 654.0 658.0 661.0 662.0 662.0 660.0 657.0 654.0 656.0 658.0 658.0 656.0 654.0 654.0 659.0 663.0 667.0 671.0 675.0 677.0 677.0 674.0 670.0 665.0 659.0 664.0 665.0 669.0 673.0 676.0 681.0 688.0 696.0
617.0 609.0 604.0 609.0 611.0 613.0 615.0 616.0 618.0 620.0 623.0 627.0 631.0 636.0 643.0 651.0 661.0 669.0 676.0 679.0 678.0 673.0 666.0 656.0 645.0 632.0 619.0 606.0 613.0 620.0 627.0 633.0 635.0 635.0 633.0 633.0 636.0 638.0 640.0 643.0 647.0 651.0 656.0 661.0 665.0 667.0 669.0 669.0 668.0 667.0 667.0 667.0 665.0 663.0 661.0 659.0 664.0 669.0 673.0 678.0 682.0 684.0 684.0 681.0 676.0 672.0 666.0 668.0 670.0 672.0 673.0 677.0 683.0 690.0 699.0
615.0 609.0 612.0 615.0 618.0 620.0 622.0 624.0 625.0 627.0 629.0 632.0 634.0 638.0 643.0 650.0 658.0 665.0 671.0 673.0 671.0 666.0 659.0 651.0 641.0 630.0 618.0 607.0 614.0 622.0 630.0 636.0 639.0 639.0 636.0 636.0 638.0 640.0 642.0 645.0 648.0 653.0 658.0 663.0 668.0 671.0 674.0 676.0 676.0 677.0 676.0 675.0 673.0 670.0 667.0 664.0 670.0 675.0 680.0 685.0 689.0 691.0 691.0 688.0 684.0 679.0 673.0 673.0 675.0 677.0 679.0 683.0 683.0 692.0 701.0
619.0 618.0 620.0 623.0 626.0 629.0 631.0 633.0 634.0 635.0 636.0 638.0 639.0 641.0 645.0 650.0 656.0 662.0 666.0 666.0 663.0 658.0 651.0 643.0 635.0 626.0 617.0 608.0 616.0 624.0 632.0 638.0 642.0 642.0 639.0 639.0 640.0 642.0 644.0 646.0 650.0 654.0 660.0 666.0 671.0 675.0 679.0 681.0 683.0 684.0 684.0 683.0 680.0 677.0 673.0 669.0 676.0 682.0 687.0 692.0 696.0 699.0 699.0 696.0 692.0 688.0 683.0 680.0 681.0 682.0 684.0 687.0 689.0 694.0 703.0
624.0 625.0 627.0 630.0 634.0 638.0 641.0 643.0 644.0 644.0 644.0 645.0 645.0 646.0 647.0 651.0 655.0 659.0 660.0 659.0 655.0 649.0 641.0 633.0 627.0 622.0 615.0 611.0 617.0 626.0 635.0 641.0 645.0 645.0 643.0 641.0 643.0 645.0 646.0 648.0 652.0 656.0 662.0 668.0 674.0 679.0 683.0 686.0 689.0 690.0 691.0 689.0 687.0 684.0 681.0 680.0 683.0 688.0 693.0 698.0 703.0 705.0 706.0 704.0 700.0 696.0 691.0 685.0 685.0 686.0 688.0 691.0 693.0 693.0 704.0
629.0 631.0 633.0 637.0 641.0 646.0 650.0 652.0 653.0 653.0 653.0 652.0 651.0 650.0 651.0 652.0 654.0 656.0 655.0 652.0 647.0 640.0 631.0 620.0 618.0 617.0 615.0 617.0 617.0 629.0 638.0 645.0 648.0 649.0 647.0 645.0 646.0 647.0 649.0 651.0 654.0 659.0 664.0 670.0 676.0 682.0 686.0 690.0 693.0 696.0 696.0 696.0 694.0 691.0 689.0 689.0 691.0 695.0 700.0 705.0 709.0 712.0 713.0 711.0 708.0 705.0 700.0 695.0 690.0 690.0 692.0 695.0 697.0 698.0 707.0
635.0 636.0 639.0 643.0 648.0 653.0 657.0 660.0 662.0 662.0 660.0 659.0 657.0 655.0 654.0 654.0 654.0 653.0 650.0 645.0 639.0 632.0 623.0 620.0 624.0 625.0 624.0 624.0 626.0 634.0 642.0 648.0 652.0 653.0 651.0 648.0 649.0 651.0 652.0 654.0 657.0 661.0 667.0 673.0 679.0 685.0 690.0 694.0 698.0 701.0 702.0 703.0 701.0 699.0 697.0 697.0 699.0 702.0 707.0 712.0 716.0 719.0 720.0 718.0 716.0 713.0 709.0 704.0 700.0 695.0 695.0 698.0 701.0 703.0 711.0
639.0 642.0 645.0 649.0 653.0 659.0 664.0 667.0 669.0 669.0 668.0 665.0 662.0 659.0 657.0 656.0 653.0 650.0 646.0 640.0 633.0 625.0 623.0 628.0 632.0 633.0 632.0 631.0 630.0 638.0 645.0 652.0 656.0 656.0 654.0 649.0 652.0 654.0 656.0 658.0 661.0 665.0 670.0 676.0 682.0 688.0 694.0 699.0 703.0 706.0 708.0 709.0 709.0 707.0 706.0 705.0 707.0 710.0 715.0 719.0 723.0 725.0 726.0 725.0 723.0 720.0 717.0 713.0 708.0 703.0 700.0 703.0 706.0 708.0 717.0
644.0 646.0 649.0 653.0 658.0 663.0 669.0 673.0 676.0 676.0 675.0 672.0 667.0 663.0 660.0 657.0 653.0 648.0 642.0 635.0 627.0 625.0 631.0 637.0 640.0 641.0 640.0 638.0 635.0 642.0 649.0 655.0 659.0 660.0 657.0 652.0 655.0 658.0 660.0 662.0 665.0 669.0 674.0 679.0 685.0 692.0 698.0 703.0 708.0 712.0 714.0 716.0 716.0 715.0 714.0 714.0 715.0 718.0 722.0 726.0 730.0 732.0 732.0 731.0 729.0 727.0 724.0 720.0 716.0 710.0 702.0 708.0 711.0 714.0 717.0
648.0 650.0 653.0 657.0 662.0 667.0 673.0 678.0 682.0 683.0 681.0 677.0 672.0 667.0 662.0 658.0 652.0 647.0 640.0 633.0 633.0 635.0 641.0 645.0 648.0 648.0 646.0 643.0 639.0 645.0 651.0 657.0 661.0 663.0 661.0 657.0 659.0 662.0 664.0 666.0 669.0 673.0 678.0 683.0 690.0 696.0 702.0 708.0 713.0 717.0 721.0 723.0 723.0 723.0 723.0 723.0 724.0 726.0 729.0 733.0 736.0 738.0 738.0 737.0 735.0 733.0 730.0 727.0 723.0 719.0 716.0 717.0 718.0 719.0 722.0
652.0 654.0 657.0 661.0 665.0 670.0 676.0 682.0 686.0 688.0 686.0 682.0 676.0 670.0 665.0 659.0 653.0 646.0 640.0 634.0 638.0 643.0 648.0 652.0 654.0 654.0 652.0 648.0 642.0 648.0 654.0 659.0 664.0 666.0 665.0 661.0 663.0 665.0 667.0 670.0 673.0 677.0 682.0 688.0 694.0 700.0 707.0 713.0 719.0 724.0 727.0 729.0 731.0 731.0 731.0 731.0 732.0 734.0 737.0 739.0 742.0 743.0 743.0 742.0 741.0 739.0 736.0 733.0 730.0 727.0 725.0 725.0 725.0 725.0 727.0
656.0 658.0 661.0 664.0 668.0 673.0 680.0 686.0 690.0 692.0 690.0 686.0 680.0 673.0 667.0 660.0 653.0 646.0 640.0 635.0 642.0 648.0 654.0 657.0 659.0 659.0 657.0 654.0 652.0 652.0 657.0 661.0 666.0 668.0 667.0 663.0 666.0 668.0 671.0 673.0 677.0 681.0 686.0 692.0 698.0 705.0 712.0 718.0 724.0 729.0 734.0 737.0 738.0 739.0 740.0 740.0 740.0 742.0 743.0 745.0 747.0 747.0 747.0 747.0 746.0 744.0 742.0 739.0 736.0 734.0 733.0 732.0 731.0 731.0 732.0
660.0 663.0 665.0 668.0 672.0 677.0 683.0 689.0 693.0 695.0 693.0 689.0 683.0 676.0 669.0 661.0 653.0 646.0 639.0 636.0 644.0 652.0 658.0 662.0 663.0 663.0 662.0 660.0 658.0 657.0 660.0 664.0 668.0 671.0 671.0 670.0 670.0 671.0 674.0 676.0 680.0 684.0 690.0 696.0 702.0 709.0 717.0 723.0 730.0 735.0 740.0 743.0 746.0 747.0 748.0 748.0 748.0 749.0 750.0 750.0 751.0 751.0 751.0 751.0 750.0 749.0 747.0 745.0 743.0 741.0 739.0 738.0 738.0 737.0 738.0
665.0 668.0 671.0 674.0 677.0 682.0 687.0 692.0 697.0 698.0 696.0 692.0 686.0 679.0 672.0 663.0 653.0 643.0 636.0 636.0 647.0 655.0 661.0 665.0 667.0 668.0 667.0 665.0 662.0 659.0 663.0 667.0 670.0 673.0 674.0 673.0 672.0 673.0 676.0 679.0 683.0 688.0 694.0 700.0 707.0 714.0 721.0 728.0 734.0 740.0 745.0 749.0 752.0 754.0 755.0 755.0 755.0 755.0 755.0 755.0 755.0 755.0 755.0 755.0 755.0 754.0 753.0 751.0 749.0 748.0 746.0 745.0 744.0 744.0 744.0
671.0 674.0 678.0 681.0 684.0 687.0 692.0 696.0 700.0 701.0 699.0 695.0 689.0 683.0 675.0 665.0 653.0 638.0 638.0 644.0 652.0 659.0 665.0 668.0 671.0 671.0 671.0 669.0 667.0 665.0 667.0 670.0 673.0 676.0 677.0 676.0 672.0 673.0 677.0 681.0 686.0 691.0 697.0 704.0 710.0 718.0 725.0 731.0 737.0 743.0 748.0 753.0 757.0 760.0 761.0 761.0 761.0 760.0 759.0 759.0 758.0 758.0 758.0 758.0 758.0 758.0 758.0 757.0 756.0 754.0 753.0 752.0 751.0 751.0 752.0
677.0 681.0 685.0 689.0 691.0 693.0 697.0 700.0 703.0 704.0 702.0 698.0 693.0 687.0 680.0 669.0 655.0 640.0 643.0 648.0 655.0 662.0 668.0 672.0 674.0 675.0 674.0 673.0 671.0 668.0 671.0 673.0 676.0 679.0 680.0 680.0 678.0 676.0 677.0 683.0 689.0 694.0 700.0 707.0 714.0 721.0 727.0 734.0 740.0 745.0 751.0 756.0 760.0 764.0 766.0 766.0 765.0 764.0 763.0 762.0 761.0 761.0 761.0 761.0 762.0 762.0 762.0 762.0 761.0 760.0 759.0 758.0 758.0 758.0 760.0
684.0 689.0 693.0 696.0 698.0 699.0 702.0 705.0 707.0 708.0 706.0 703.0 698.0 693.0 684.0 673.0 659.0 641.0 645.0 651.0 658.0 665.0 670.0 675.0 677.0 678.0 678.0 677.0 675.0 672.0 674.0 677.0 680.0 682.0 683.0 683.0 682.0 681.0 681.0 686.0 691.0 697.0 703.0 709.0 716.0 723.0 729.0 735.0 741.0 746.0 752.0 757.0 762.0 766.0 768.0 769.0 768.0 767.0 766.0 765.0 765.0 764.0 764.0 764.0 765.0 765.0 766.0 766.0 766.0 766.0 765.0 764.0 765.0 765.0 767.0
691.0 696.0 700.0 703.0 704.0 705.0 706.0 709.0 711.0 712.0 711.0 708.0 704.0 698.0 690.0 679.0 664.0 644.0 644.0 652.0 659.0 666.0 673.0 677.0 680.0 682.0 682.0 681.0 679.0 678.0 678.0 681.0 683.0 685.0 686.0 687.0 686.0 685.0 683.0 689.0 694.0 699.0 704.0 711.0 717.0 724.0 730.0 735.0 741.0 746.0 752.0 757.0 762.0 766.0 769.0 770.0 770.0 769.0 768.0 768.0 768.0 768.0 768.0 768.0 768.0 769.0 769.0 770.0 770.0 771.0 770.0 770.0 771.0 772.0 775.0
698.0 703.0 706.0 709.0 709.0 710.0 711.0 714.0 716.0 718.0 717.0 715.0 710.0 704.0 696.0 686.0 672.0 657.0 647.0 653.0 660.0 668.0 674.0 680.0 683.0 685.0 685.0 684.0 683.0 682.0 681.0 684.0 687.0 688.0 689.0 690.0 690.0 690.0 690.0 693.0 697.0 701.0 706.0 712.0 718.0 724.0 729.0 735.0 740.0 745.0 750.0 756.0 760.0 765.0 767.0 769.0 770.0 770.0 770.0 770.0 771.0 771.0 772.0 772.0 772.0 772.0 773.0 774.0 774.0 775.0 775.0 776.0 776.0 778.0 782.0
